    1 +6.6926602255535e-04  +1.7174250047795e-03 
    2 +3.5252034026445e-03  +3.9953003842676e-03 
    3 +8.6586885514670e-03  +6.2704696870440e-03 
    4 +1.6063046250367e-02  +8.5363836771057e-03 
    5 +2.5727140892057e-02  +1.0789357152177e-02 
    6 +3.7636289121410e-02  +1.3025917903896e-02 
    7 +5.1772366434302e-02  +1.5242649061650e-02 
    8 +6.8113850484548e-02  +1.7436171181197e-02 
    9 +8.6635858035193e-02  +1.9603142388601e-02 
   10 +1.0731018424133e-01  +2.1740262060763e-02 
   11 +1.3010534614236e-01  +2.3844275375586e-02 
   12 +1.5498663084185e-01  +2.5911978084407e-02 
   13 +1.8191614848268e-01  +2.7940221312450e-02 
   14 +2.1085289000533e-01  +2.9925916317212e-02 
   15 +2.4175278962962e-01  +3.1866039173676e-02 
   16 +2.7456879197780e-01  +3.3757635369496e-02 
   17 +3.0925092374309e-01  +3.5597824298895e-02 
   18 +3.4574636979744e-01  +3.7383803646176e-02 
   19 +3.8399955362460e-01  +3.9112853651346e-02 
   20 +4.2395222195685e-01  +4.0782341250729e-02 
   21 +4.6554353348696e-01  +4.2389724085915e-02 
   22 +5.0871015152082e-01  +4.3932554374903e-02 
   23 +5.5338634042969e-01  +4.5408482639335e-02 
   24 +5.9950406575537e-01  +4.6815261282172e-02 
   25 +6.4699309781594e-01  +4.8150748010231e-02 
   26 +6.9578111865430e-01  +4.9412909096469e-02 
   27 +7.4579383216682e-01  +5.0599822476917e-02 
   28 +7.9695507724418e-01  +5.1709680677629e-02 
   29 +8.4918694375237e-01  +5.2740793567123e-02 
   30 +9.0240989117705e-01  +5.3691590930122e-02 
   31 +9.5654286975077e-01  +5.4560624858755e-02 
   32 +1.0115034438784e+00  +5.5346571957413e-02 
   33 +1.0672079176732e+00  +5.6048235358095e-02 
   34 +1.1235714624116e+00  +5.6664546543002e-02 
   35 +1.1805082457135e+00  +5.7194566971717e-02 
   36 +1.2379315622510e+00  +5.7637489510440e-02 
   37 +1.2957539657863e+00  +5.7992639661114e-02 
   38 +1.3538874023376e+00  +5.8259476588578e-02 
   39 +1.4122433442714e+00  +5.8437593944155e-02 
   40 +1.4707329251148e+00  +5.8526720484460e-02 
   41 +1.5292670748852e+00  +5.8526720484460e-02 
   42 +1.5877566557286e+00  +5.8437593944153e-02 
   43 +1.6461125976624e+00  +5.8259476588578e-02 
   44 +1.7042460342137e+00  +5.7992639661114e-02 
   45 +1.7620684377490e+00  +5.7637489510440e-02 
   46 +1.8194917542865e+00  +5.7194566971717e-02 
   47 +1.8764285375884e+00  +5.6664546543001e-02 
   48 +1.9327920823268e+00  +5.6048235358097e-02 
   49 +1.9884965561216e+00  +5.5346571957415e-02 
   50 +2.0434571302492e+00  +5.4560624858752e-02 
   51 +2.0975901088230e+00  +5.3691590930127e-02 
   52 +2.1508130562476e+00  +5.2740793567122e-02 
   53 +2.2030449227558e+00  +5.1709680677631e-02 
   54 +2.2542061678332e+00  +5.0599822476916e-02 
   55 +2.3042188813457e+00  +4.9412909096466e-02 
   56 +2.3530069021841e+00  +4.8150748010227e-02 
   57 +2.4004959342446e+00  +4.6815261282174e-02 
   58 +2.4466136595703e+00  +4.5408482639342e-02 
   59 +2.4912898484792e+00  +4.3932554374899e-02 
   60 +2.5344564665130e+00  +4.2389724085910e-02 
   61 +2.5760477780431e+00  +4.0782341250730e-02 
   62 +2.6160004463754e+00  +3.9112853651351e-02 
   63 +2.6542536302026e+00  +3.7383803646172e-02 
   64 +2.6907490762569e+00  +3.5597824298897e-02 
   65 +2.7254312080222e+00  +3.3757635369500e-02 
   66 +2.7582472103704e+00  +3.1866039173669e-02 
   67 +2.7891471099947e+00  +2.9925916317215e-02 
   68 +2.8180838515173e+00  +2.7940221312448e-02 
   69 +2.8450133691582e+00  +2.5911978084401e-02 
   70 +2.8698946538576e+00  +2.3844275375592e-02 
   71 +2.8926898157587e+00  +2.1740262060766e-02 
   72 +2.9133641419648e+00  +1.9603142388601e-02 
   73 +2.9318861495155e+00  +1.7436171181202e-02 
   74 +2.9482276335657e+00  +1.5242649061649e-02 
   75 +2.9623637108786e+00  +1.3025917903887e-02 
   76 +2.9742728591079e+00  +1.0789357152177e-02 
   77 +2.9839369537496e+00  +8.5363836771129e-03 
   78 +2.9913413114485e+00  +6.2704696870368e-03 
   79 +2.9964747965974e+00  +3.9953003842671e-03 
   80 +2.9993307339774e+00  +1.7174250047848e-03 
   81 +3.0035245805789e+00  +9.0425541970671e-03 
   82 +3.0185475226011e+00  +2.0996569062305e-02 
   83 +3.0454801000325e+00  +3.2842116763816e-02 
   84 +3.0841663615724e+00  +4.4491698388331e-02 
   85 +3.1343743834427e+00  +5.5874013960049e-02 
   86 +3.1958023860623e+00  +6.6920390565093e-02 
   87 +3.2680809935755e+00  +7.7564335948941e-02 
   88 +3.3507755383334e+00  +8.7741816371351e-02 
   89 +3.4433886971470e+00  +9.7391615270144e-02 
   90 +3.5453634896201e+00  +1.0645569396787e-01 
   91 +3.6560866307716e+00  +1.1487953819878e-01 
   92 +3.7748922206640e+00  +1.2261248498586e-01 
   93 +3.9010657498097e+00  +1.2960802691320e-01 
   94 +4.0338483966276e+00  +1.3582409163047e-01 
   95 +4.1724415912568e+00  +1.4122329478257e-01 
   96 +4.3160118183485e+00  +1.4577316479161e-01 
   97 +4.4636956299855e+00  +1.4944633811594e-01 
   98 +4.6146048385973e+00  +1.5222072380125e-01 
   99 +4.7678318586495e+00  +1.5407963632849e-01 
  100 +4.9224551649879e+00  +1.5501189595685e-01 
  101 +5.0775448350121e+00  +1.5501189595685e-01 
  102 +5.2321681413505e+00  +1.5407963632849e-01 
  103 +5.3853951614027e+00  +1.5222072380125e-01 
  104 +5.5363043700145e+00  +1.4944633811594e-01 
  105 +5.6839881816515e+00  +1.4577316479161e-01 
  106 +5.8275584087432e+00  +1.4122329478257e-01 
  107 +5.9661516033724e+00  +1.3582409163046e-01 
  108 +6.0989342501903e+00  +1.2960802691320e-01 
  109 +6.2251077793360e+00  +1.2261248498586e-01 
  110 +6.3439133692284e+00  +1.1487953819878e-01 
  111 +6.4546365103799e+00  +1.0645569396787e-01 
  112 +6.5566113028530e+00  +9.7391615270142e-02 
  113 +6.6492244616666e+00  +8.7741816371349e-02 
  114 +6.7319190064245e+00  +7.7564335948944e-02 
  115 +6.8041976139378e+00  +6.6920390565095e-02 
  116 +6.8656256165574e+00  +5.5874013960046e-02 
  117 +6.9158336384276e+00  +4.4491698388339e-02 
  118 +6.9545198999676e+00  +3.2842116763819e-02 
  119 +6.9814524773989e+00  +2.0996569062307e-02 
  120 +6.9964754194211e+00  +9.0425541970583e-03 
